spt = [ 
    1  0.34296212E-04
    2  0.34064076E-04
    3  0.33811240E-04
    4  0.33538246E-04
    5  0.33245859E-04
    6  0.32933851E-04
    7  0.32602613E-04
    8  0.32252930E-04
    9  0.31885065E-04
   10  0.31499301E-04
   11  0.31096399E-04
   12  0.30676816E-04
   13  0.30241341E-04
   14  0.29790341E-04
   15  0.29324463E-04
   16  0.28844550E-04
   17  0.28351278E-04
   18  0.27844928E-04
   19  0.27326674E-04
   20  0.26797581E-04
   21  0.26257747E-04
   22  0.25708296E-04
   23  0.25150302E-04
   24  0.24584580E-04
   25  0.24010998E-04
   26  0.23431681E-04
   27  0.22847327E-04
   28  0.22258148E-04
   29  0.21665763E-04
   30  0.21070438E-04
   31  0.20473468E-04
   32  0.19875577E-04
   33  0.19277160E-04
   34  0.18680843E-04
   35  0.18084997E-04
   36  0.17492586E-04
   37  0.16902743E-04
   38  0.16317976E-04
   39  0.15738222E-04
   40  0.15163960E-04
   41  0.14596491E-04
   42  0.14036605E-04
   43  0.13484848E-04
   44  0.12941210E-04
   45  0.12407389E-04
   46  0.11884182E-04
   47  0.11371114E-04
   48  0.10870316E-04
   49  0.10379987E-04
   50  0.99015760E-05
   51  0.94367051E-05
   52  0.89852365E-05
   53  0.85463635E-05
   54  0.81212647E-05
   55  0.77101622E-05
   56  0.73130718E-05
   57  0.69305506E-05
   58  0.65629856E-05
   59  0.62093923E-05
   60  0.58703495E-05
   61  0.55464011E-05
   62  0.52370442E-05
   63  0.49418909E-05
   64  0.46613809E-05
   65  0.43947871E-05
   66  0.41425105E-05
   67  0.39042484E-05
   68  0.36790937E-05
   69  0.34677851E-05
   70  0.32687281E-05
   71  0.30829774E-05
   72  0.29091741E-05
   73  0.27478920E-05
   74  0.25971126E-05
   75  0.24579626E-05
   76  0.23298198E-05
   77  0.22112599E-05
   78  0.21028361E-05
   79  0.20032692E-05
   80  0.19132904E-05
   81  0.18309430E-05
   82  0.17571313E-05
   83  0.16902566E-05
   84  0.16304838E-05
   85  0.15775773E-05
   86  0.15301930E-05
   87  0.14889063E-05
   88  0.14526933E-05
   89  0.14211425E-05
   90  0.13940182E-05
   91  0.13709027E-05
   92  0.13513641E-05
   93  0.13350538E-05
   94  0.13218241E-05
   95  0.13111087E-05
   96  0.13024442E-05
   97  0.12959189E-05
   98  0.12908185E-05
   99  0.12871953E-05
  100  0.12849505E-05
  101  0.12831954E-05
  102  0.12824433E-05
  103  0.12819651E-05
  104  0.12819072E-05
  105  0.12819203E-05
  106  0.12818534E-05
  107  0.12817871E-05
  108  0.12811111E-05
  109  0.12802997E-05
  110  0.12788015E-05
  111  0.12767727E-05
  112  0.12740068E-05
  113  0.12703559E-05
  114  0.12660186E-05
  115  0.12608947E-05
  116  0.12548476E-05
  117  0.12479001E-05
  118  0.12400711E-05
  119  0.12311384E-05
  120  0.12215127E-05
  121  0.12106788E-05
  122  0.11990658E-05
  123  0.11867176E-05
  124  0.11732682E-05
  125  0.11592684E-05
  126  0.11443753E-05
  127  0.11287993E-05
  128  0.11125840E-05
  129  0.10958646E-05
  130  0.10783339E-05
  131  0.10604833E-05
  132  0.10422120E-05
  133  0.10234220E-05
  134  0.10046049E-05
  135  0.98534179E-06
  136  0.96616964E-06
  137  0.94667467E-06
  138  0.92722968E-06
  139  0.90806077E-06
  140  0.88893438E-06
  141  0.87001763E-06
  142  0.85140925E-06
  143  0.83309459E-06
  144  0.81529345E-06
  145  0.79808581E-06
  146  0.78125635E-06
  147  0.76521303E-06
  148  0.74976305E-06
  149  0.73505277E-06
  150  0.72122862E-06
  151  0.70821227E-06
  152  0.69603311E-06
  153  0.68482785E-06
  154  0.67454499E-06
  155  0.66536262E-06
  156  0.65719496E-06
  157  0.65011079E-06
  158  0.64412666E-06
  159  0.63932481E-06
  160  0.63565352E-06
  161  0.63318299E-06
  162  0.63194847E-06
  163  0.63195102E-06
  164  0.63324126E-06
  165  0.63580148E-06
  166  0.63966894E-06
  167  0.64484340E-06
  168  0.65140136E-06
  169  0.65930544E-06
  170  0.66864317E-06
  171  0.67931433E-06
  172  0.69148746E-06
  173  0.70510384E-06
  174  0.72020174E-06
  175  0.73683475E-06
  176  0.75500822E-06
  177  0.77478165E-06
  178  0.79617047E-06
  179  0.81921780E-06
  180  0.84388768E-06
  181  0.87035659E-06
  182  0.89858827E-06
  183  0.92863667E-06
  184  0.96054885E-06
  185  0.99441559E-06
  186  0.10302105E-05
  187  0.10680316E-05
  188  0.11079327E-05
  189  0.11499690E-05
  190  0.11941772E-05
  191  0.12407015E-05
  192  0.12894293E-05
  193  0.13405501E-05
  194  0.13941328E-05
  195  0.14501916E-05
  196  0.15087312E-05
  197  0.15698821E-05
  198  0.16337035E-05
  199  0.17002112E-05
  200  0.17694343E-05
  201  0.18415060E-05
  202  0.19164313E-05
  203  0.19941435E-05
  204  0.20749178E-05
  205  0.21586065E-05
  206  0.22452000E-05
  207  0.23348066E-05
  208  0.24275173E-05
  209  0.25231805E-05
  210  0.26218258E-05
  211  0.27237104E-05
  212  0.28284639E-05
  213  0.29363380E-05
  214  0.30472238E-05
  215  0.31610839E-05
  216  0.32779431E-05
  217  0.33976523E-05
  218  0.35204175E-05
  219  0.36457700E-05
  220  0.37741092E-05
  221  0.39050888E-05
  222  0.40387590E-05
  223  0.41751005E-05
  224  0.43137538E-05
  225  0.44549884E-05
  226  0.45987031E-05
  227  0.47446433E-05
  228  0.48926472E-05
  229  0.50428221E-05
  230  0.51951592E-05
  231  0.53492768E-05
  232  0.55051992E-05
  233  0.56630010E-05
  234  0.58224273E-05
  235  0.59838299E-05
  236  0.61463547E-05
  237  0.63104080E-05
  238  0.64759156E-05
  239  0.66427374E-05
  240  0.68110530E-05
  241  0.69801490E-05
  242  0.71506834E-05
  243  0.73226283E-05
  244  0.74952800E-05
  245  0.76692459E-05
  246  0.78444991E-05
  247  0.80205255E-05
  248  0.81979597E-05
  249  0.83762880E-05
  250  0.85558122E-05
  251  0.87365024E-05
  252  0.89188297E-05
  253  0.91026086E-05
  254  0.92875061E-05
  255  0.94736570E-05
  256  0.96608892E-05
  257  0.98508717E-05
  258  0.10041995E-04
  259  0.10235116E-04
  260  0.10429966E-04
  261  0.10627077E-04
  262  0.10826162E-04
  263  0.11027887E-04
  264  0.11231699E-04
  265  0.11438625E-04
  266  0.11647732E-04
  267  0.11859514E-04
  268  0.12074172E-04
  269  0.12291932E-04
  270  0.12512834E-04
  271  0.12736931E-04
  272  0.12964933E-04
  273  0.13196615E-04
  274  0.13430658E-04
  275  0.13669131E-04
  276  0.13912345E-04
  277  0.14158918E-04
  278  0.14409026E-04
  279  0.14664184E-04
  280  0.14922831E-04
  281  0.15184624E-04
  282  0.15452322E-04
  283  0.15723328E-04
  284  0.15999327E-04
  285  0.16280681E-04
  286  0.16565735E-04
  287  0.16854772E-04
  288  0.17148819E-04
  289  0.17446660E-04
  290  0.17749668E-04
  291  0.18057108E-04
  292  0.18369377E-04
  293  0.18685912E-04
  294  0.19007099E-04
  295  0.19331872E-04
  296  0.19661582E-04
  297  0.19994673E-04
  298  0.20332960E-04
  299  0.20675543E-04
  300  0.21020023E-04
  301  0.21370413E-04
  302  0.21723234E-04
  303  0.22079917E-04
  304  0.22440787E-04
  305  0.22802948E-04
  306  0.23169461E-04
  307  0.23538878E-04
  308  0.23909522E-04
  309  0.24283043E-04
  310  0.24658648E-04
  311  0.25035066E-04
  312  0.25413407E-04
  313  0.25792424E-04
  314  0.26171308E-04
  315  0.26551559E-04
  316  0.26930742E-04
  317  0.27308746E-04
  318  0.27686077E-04
  319  0.28061448E-04
  320  0.28435054E-04
  321  0.28804698E-04
  322  0.29171832E-04
  323  0.29534185E-04
  324  0.29892961E-04
  325  0.30246631E-04
  326  0.30593677E-04
  327  0.30934309E-04
  328  0.31268959E-04
  329  0.31594787E-04
  330  0.31912106E-04
  331  0.32221193E-04
  332  0.32519150E-04
  333  0.32806769E-04
  334  0.33083699E-04
  335  0.33348704E-04
  336  0.33601558E-04
  337  0.33840930E-04
  338  0.34066405E-04
  339  0.34277065E-04
  340  0.34472898E-04
  341  0.34652574E-04
  342  0.34816301E-04
  343  0.34963014E-04
  344  0.35092726E-04
  345  0.35204539E-04
  346  0.35298028E-04
  347  0.35372588E-04
  348  0.35428187E-04
  349  0.35464043E-04
  350  0.35480680E-04
  351  0.35476132E-04
  352  0.35451987E-04
  353  0.35407316E-04
  354  0.35341625E-04
  355  0.35255052E-04
  356  0.35147463E-04
  357  0.35019275E-04
  358  0.34869685E-04
  359  0.34699398E-04
  360  0.34508146E-04
 ]; 
