stt = [ 
    1  0.46942372E-01
    2  0.46927854E-01
    3  0.46866067E-01
    4  0.46757631E-01
    5  0.46602480E-01
    6  0.46401948E-01
    7  0.46156485E-01
    8  0.45867443E-01
    9  0.45535963E-01
   10  0.45163658E-01
   11  0.44752203E-01
   12  0.44303443E-01
   13  0.43819040E-01
   14  0.43301668E-01
   15  0.42753182E-01
   16  0.42176239E-01
   17  0.41573443E-01
   18  0.40947348E-01
   19  0.40300783E-01
   20  0.39636694E-01
   21  0.38957588E-01
   22  0.38266852E-01
   23  0.37567392E-01
   24  0.36862291E-01
   25  0.36154486E-01
   26  0.35446912E-01
   27  0.34742676E-01
   28  0.34044832E-01
   29  0.33356439E-01
   30  0.32680076E-01
   31  0.32018591E-01
   32  0.31374928E-01
   33  0.30751528E-01
   34  0.30151142E-01
   35  0.29575735E-01
   36  0.29027933E-01
   37  0.28509883E-01
   38  0.28023276E-01
   39  0.27570238E-01
   40  0.27152119E-01
   41  0.26770709E-01
   42  0.26427191E-01
   43  0.26122680E-01
   44  0.25858173E-01
   45  0.25634527E-01
   46  0.25452062E-01
   47  0.25311617E-01
   48  0.25213039E-01
   49  0.25156308E-01
   50  0.25141681E-01
   51  0.25168544E-01
   52  0.25236381E-01
   53  0.25344767E-01
   54  0.25492556E-01
   55  0.25679026E-01
   56  0.25902795E-01
   57  0.26162820E-01
   58  0.26457714E-01
   59  0.26785392E-01
   60  0.27144857E-01
   61  0.27533984E-01
   62  0.27951131E-01
   63  0.28394140E-01
   64  0.28860874E-01
   65  0.29349564E-01
   66  0.29857503E-01
   67  0.30383207E-01
   68  0.30924071E-01
   69  0.31477638E-01
   70  0.32041606E-01
   71  0.32614041E-01
   72  0.33192236E-01
   73  0.33774473E-01
   74  0.34357857E-01
   75  0.34940559E-01
   76  0.35520267E-01
   77  0.36094543E-01
   78  0.36662135E-01
   79  0.37220184E-01
   80  0.37766956E-01
   81  0.38300555E-01
   82  0.38819406E-01
   83  0.39321486E-01
   84  0.39805539E-01
   85  0.40269706E-01
   86  0.40712785E-01
   87  0.41133143E-01
   88  0.41529559E-01
   89  0.41901208E-01
   90  0.42246867E-01
   91  0.42565830E-01
   92  0.42856939E-01
   93  0.43120097E-01
   94  0.43353993E-01
   95  0.43558091E-01
   96  0.43732721E-01
   97  0.43877516E-01
   98  0.43991830E-01
   99  0.44075649E-01
  100  0.44129111E-01
  101  0.44152405E-01
  102  0.44145245E-01
  103  0.44108626E-01
  104  0.44042464E-01
  105  0.43947142E-01
  106  0.43823421E-01
  107  0.43671712E-01
  108  0.43492749E-01
  109  0.43287084E-01
  110  0.43055229E-01
  111  0.42798743E-01
  112  0.42517945E-01
  113  0.42213891E-01
  114  0.41887298E-01
  115  0.41539602E-01
  116  0.41171089E-01
  117  0.40783368E-01
  118  0.40377550E-01
  119  0.39954159E-01
  120  0.39514948E-01
  121  0.39060570E-01
  122  0.38592316E-01
  123  0.38111102E-01
  124  0.37618209E-01
  125  0.37114590E-01
  126  0.36601759E-01
  127  0.36080431E-01
  128  0.35551853E-01
  129  0.35017006E-01
  130  0.34476992E-01
  131  0.33932894E-01
  132  0.33385735E-01
  133  0.32836635E-01
  134  0.32286305E-01
  135  0.31735927E-01
  136  0.31186603E-01
  137  0.30638725E-01
  138  0.30093402E-01
  139  0.29551627E-01
  140  0.29014247E-01
  141  0.28481750E-01
  142  0.27955277E-01
  143  0.27435180E-01
  144  0.26922345E-01
  145  0.26417390E-01
  146  0.25920950E-01
  147  0.25433578E-01
  148  0.24955837E-01
  149  0.24488188E-01
  150  0.24031203E-01
  151  0.23585327E-01
  152  0.23151033E-01
  153  0.22728594E-01
  154  0.22318393E-01
  155  0.21920770E-01
  156  0.21536104E-01
  157  0.21164473E-01
  158  0.20806320E-01
  159  0.20461828E-01
  160  0.20131024E-01
  161  0.19814359E-01
  162  0.19511765E-01
  163  0.19223440E-01
  164  0.18949488E-01
  165  0.18690068E-01
  166  0.18445261E-01
  167  0.18215034E-01
  168  0.17999381E-01
  169  0.17798550E-01
  170  0.17612442E-01
  171  0.17441059E-01
  172  0.17284568E-01
  173  0.17142804E-01
  174  0.17015947E-01
  175  0.16903831E-01
  176  0.16806569E-01
  177  0.16724151E-01
  178  0.16656531E-01
  179  0.16603637E-01
  180  0.16565662E-01
  181  0.16542431E-01
  182  0.16534010E-01
  183  0.16540470E-01
  184  0.16561583E-01
  185  0.16597634E-01
  186  0.16648464E-01
  187  0.16714105E-01
  188  0.16794546E-01
  189  0.16889796E-01
  190  0.16999941E-01
  191  0.17124940E-01
  192  0.17264718E-01
  193  0.17419197E-01
  194  0.17588645E-01
  195  0.17772701E-01
  196  0.17971657E-01
  197  0.18185271E-01
  198  0.18413492E-01
  199  0.18656276E-01
  200  0.18913765E-01
  201  0.19185517E-01
  202  0.19471763E-01
  203  0.19772042E-01
  204  0.20086365E-01
  205  0.20414619E-01
  206  0.20756669E-01
  207  0.21112081E-01
  208  0.21480920E-01
  209  0.21862555E-01
  210  0.22256920E-01
  211  0.22663610E-01
  212  0.23082362E-01
  213  0.23512749E-01
  214  0.23954161E-01
  215  0.24406549E-01
  216  0.24869272E-01
  217  0.25341602E-01
  218  0.25823193E-01
  219  0.26313478E-01
  220  0.26811596E-01
  221  0.27317340E-01
  222  0.27829409E-01
  223  0.28347755E-01
  224  0.28871207E-01
  225  0.29399034E-01
  226  0.29930597E-01
  227  0.30464899E-01
  228  0.31001020E-01
  229  0.31538039E-01
  230  0.32075174E-01
  231  0.32611404E-01
  232  0.33145893E-01
  233  0.33677321E-01
  234  0.34204729E-01
  235  0.34727398E-01
  236  0.35244048E-01
  237  0.35753410E-01
  238  0.36254607E-01
  239  0.36746521E-01
  240  0.37228134E-01
  241  0.37698302E-01
  242  0.38155798E-01
  243  0.38599599E-01
  244  0.39028600E-01
  245  0.39441802E-01
  246  0.39838132E-01
  247  0.40216357E-01
  248  0.40575843E-01
  249  0.40915031E-01
  250  0.41233361E-01
  251  0.41529655E-01
  252  0.41803632E-01
  253  0.42053424E-01
  254  0.42278733E-01
  255  0.42478897E-01
  256  0.42652935E-01
  257  0.42800553E-01
  258  0.42920738E-01
  259  0.43013152E-01
  260  0.43077417E-01
  261  0.43112967E-01
  262  0.43119598E-01
  263  0.43097120E-01
  264  0.43045335E-01
  265  0.42963859E-01
  266  0.42853210E-01
  267  0.42713504E-01
  268  0.42544611E-01
  269  0.42346966E-01
  270  0.42121273E-01
  271  0.41867703E-01
  272  0.41586742E-01
  273  0.41279782E-01
  274  0.40946789E-01
  275  0.40589310E-01
  276  0.40207934E-01
  277  0.39803911E-01
  278  0.39378915E-01
  279  0.38933735E-01
  280  0.38470045E-01
  281  0.37989222E-01
  282  0.37492879E-01
  283  0.36982749E-01
  284  0.36460798E-01
  285  0.35928737E-01
  286  0.35388190E-01
  287  0.34841381E-01
  288  0.34290433E-01
  289  0.33737529E-01
  290  0.33183984E-01
  291  0.32633234E-01
  292  0.32086752E-01
  293  0.31546522E-01
  294  0.31015422E-01
  295  0.30495360E-01
  296  0.29988244E-01
  297  0.29496741E-01
  298  0.29022923E-01
  299  0.28568814E-01
  300  0.28136633E-01
  301  0.27728379E-01
  302  0.27345978E-01
  303  0.26991166E-01
  304  0.26665909E-01
  305  0.26371935E-01
  306  0.26110904E-01
  307  0.25884135E-01
  308  0.25692983E-01
  309  0.25538664E-01
  310  0.25422335E-01
  311  0.25344815E-01
  312  0.25306908E-01
  313  0.25309289E-01
  314  0.25352256E-01
  315  0.25436262E-01
  316  0.25561331E-01
  317  0.25727155E-01
  318  0.25933776E-01
  319  0.26180662E-01
  320  0.26466869E-01
  321  0.26792064E-01
  322  0.27154928E-01
  323  0.27554605E-01
  324  0.27989056E-01
  325  0.28457362E-01
  326  0.28957674E-01
  327  0.29488148E-01
  328  0.30046653E-01
  329  0.30631118E-01
  330  0.31239338E-01
  331  0.31868931E-01
  332  0.32517038E-01
  333  0.33181388E-01
  334  0.33859033E-01
  335  0.34547213E-01
  336  0.35243038E-01
  337  0.35943706E-01
  338  0.36646254E-01
  339  0.37347179E-01
  340  0.38044110E-01
  341  0.38733434E-01
  342  0.39412566E-01
  343  0.40078659E-01
  344  0.40728185E-01
  345  0.41358881E-01
  346  0.41967563E-01
  347  0.42551670E-01
  348  0.43108668E-01
  349  0.43636005E-01
  350  0.44131227E-01
  351  0.44592187E-01
  352  0.45016784E-01
  353  0.45402929E-01
  354  0.45749042E-01
  355  0.46053611E-01
  356  0.46315014E-01
  357  0.46532504E-01
  358  0.46704501E-01
  359  0.46830524E-01
  360  0.46910051E-01
 ]; 
