function dope()
    
    global RA

    % Classes 1 and 2...

    % R
    RA(1,1:100,1) = 0;    
    RA(2,1:100,1) = 0;

    % G
    RA(1,1:100,2) = 0;
    RA(2,1:100,2) = 0;

    % B
    RA(1,1:100,3) = 0;    
    RA(2,1:100,3) = 0;

    % Classes 3 and 4...

    % R
    RA(3,1:100,1) = 0;  
    RA(4,1:100,1) = 0; 

    % G
    RA(3,1:100,2) = 0; RA(3,200:256,2) = 0; 
    RA(4,1:100,2) = 0; RA(4,200:256,2) = 0;

    % B
    RA(3,1:75,3) = 0;    
    RA(4,1:75,3) = 0;

    % Classes 5 and 6...

    % R
    RA(5,1:10,1) = 0;    
    RA(6,1:10,1) = 0;

    % G
    RA(5,1:10,2) = 0;    
    RA(6,1:10,2) = 0;

    % B
    RA(5,1:10,3) = 0; RA(1,200:256,3) = 0;        
    RA(6,1:10,3) = 0; RA(1,200:256,3) = 0;    

    % Classes 7 and 8...

    % R
    RA(7,1:100,1) = 0;    
    RA(8,1:100,1) = 0;

    % G
    RA(7,1:100,2) = 0;    
    RA(8,1:100,2) = 0;

    % B
    RA(7,1:50,3) = 0;    
    RA(8,1:50,3) = 0;
end